[Params]
4
0.50757928304758515 0.022317286641864505 0.019404565460118206 0.48296759318837335 
[ParamsInit]
4
0.50739067354205591 0.022277883290731108 0.019414445874109728 0.48330582857085452 
[Q_low]
31 2
10 5 
7.4063406043626854 3.7902050995751013 
15.516025487806621 3.3010844701912432 
28.077039760842396 3.5483040291787122 
46.03553299476858 5.0805872951311564 
66.976828799150098 9.9964850821432147 
71.450134910091677 23.484130847109554 
33.687521482621889 39.213017045236526 
6.4626341896398447 40.897805205323145 
-1.4478655048352751 33.403358334254847 
-3.6206031897750952 24.888285699054173 
-4.0808046695161293 17.929104487280387 
-3.7327897947060005 12.775093234273676 
-2.7006977738219264 9.1238641275225021 
-0.80729740820397211 6.6032370781036933 
2.358106228657276 4.8639158391997954 
7.4882142874091322 3.7530748164136205 
15.645251931573595 3.2960671942693152 
28.273566598642194 3.5799099790586006 
46.159240257786877 5.1457803918261646 
67.085254358526356 9.872271381541136 
71.194893604420201 22.868584952585103 
33.165369032762349 38.802395754505945 
6.2834242426044824 41.121928650459125 
-1.4964491880196424 33.687322873216985 
-3.6338581266710892 25.059923629356284 
-4.0807868324065133 17.988457259063203 
-3.7241098966040163 12.746517445973026 
-2.6826299328159755 9.0248239004971413 
-0.77605255795203676 6.4483249663196478 
2.4095137183345829 4.7248418953167723 
[Q_up]
31 2
10 5 
22.791917463731568 4.045657651461454 
30.901602347175505 3.6551336459218731 
43.462616620211278 3.9563449340071668 
61.73579172803715 5.7664347133969169 
83.135952979039345 13.150155143288186 
86.835711769460559 43.227754862192128 
49.073098341990764 96.946283497899444 
21.848211049008725 95.709223915413361 
13.937711354533608 67.292956059329711 
11.764973669593786 43.339157942451202 
11.304772189852754 27.285919375140669 
11.652787064662881 17.181518872472086 
12.684879085546955 10.989682384892468 
14.57827945116491 7.2804885808281918 
17.74368308802616 5.1861788559584587 
22.873791146778014 4.108869183083117 
31.030828790942479 3.6648145438220352 
43.659143458011073 3.8990999817879799 
62.005209121659021 5.6001136481729681 
83.370502518674783 12.898331253939556 
86.580470463789084 42.665241797741551 
48.550945892131232 96.613528707346234 
21.669001101973361 95.978428609117259 
13.88912767134924 67.638222822924206 
11.751718732697794 43.642931195571286 
11.304790026962367 27.54844574968444 
11.661466962764866 17.419875981213462 
12.702946926552906 11.222717018334221 
14.609524301416844 7.5192279776115054 
17.795090577703466 5.3755191383578973 
[MediaTot]
31 2
10 5 
15.058360339992095 3.9179313755182776 
23.059764639338731 3.4781090580565581 
35.394732110414353 3.7523244815929395 
53.29066503615055 5.4235110042640367 
74.324567894330002 11.573320112715701 
78.286808149645267 33.355942854650841 
40.96310430474972 68.079650271567985 
13.91676202945812 68.303514560368257 
6.127173125418965 50.348157196792279 
4.0063512020687808 34.113721820752687 
3.5672188062851076 22.607511931210528 
3.9218392475143578 14.978306053372881 
4.9489267309157992 10.056773256207485 
6.8203772363208222 6.9418628294659426 
9.932510941313847 5.0250473475791271 
14.950406465664008 3.9309719997483685 
22.890491079869403 3.4804408690456752 
35.138413025843086 3.7395049804232903 
52.938024816213428 5.3729470199995664 
74.00406984917943 11.385301317740346 
78.594005775882081 32.766913375163327 
41.674684225106404 67.707962230926086 
14.161522671615806 68.550178629788192 
6.1924310616770919 50.662772848070595 
4.0239524113071949 34.351427412463785 
3.5671400975853569 22.768451504373822 
3.9103070915895017 15.083196713593244 
4.9250771957525377 10.123770459415681 
6.7794143080739948 6.9837764719655766 
9.8656143567041283 5.0501805168373348 
