36 4
0 10 0 0
1 NaN NaN 0.768626846837033
2 NaN NaN 0.43307402065996
3 NaN NaN 2.13014997083014
4 NaN NaN 2.30774189218813
5 NaN NaN 3.38068922351976
6 NaN NaN 3.86729005953529
7 NaN NaN 4.87037097206248
8 NaN NaN 5.18765677302546
9 NaN NaN 4.38826194104384
10 NaN NaN 5.32413329711959
11 NaN NaN 5.3832669756944
12 NaN NaN 5.33230704561749
13 NaN NaN 5.35127527318244
14 NaN NaN 5.32055666653838
15 NaN NaN 5.69917106611757
16 NaN NaN 5.35557722457566
17 NaN NaN 4.86431971315684
18 NaN NaN 4.94304474415638
19 NaN NaN 5.23222669518299
20 NaN NaN 4.8343633979001
21 NaN NaN 4.6135368234558
22 NaN NaN 3.9931161062654
23 NaN NaN 3.95170669865641
24 NaN NaN 4.55636392621611
25 NaN NaN 3.76834938238353
26 NaN NaN 3.41437420097952
27 NaN NaN 3.28975483340423
28 NaN NaN 3.65075339832925
29 NaN NaN 2.69591204536785
30 NaN NaN 3.02683612100599
31 NaN NaN 2.87078817356985
32 NaN NaN 2.77812636519189
33 NaN NaN 3.24450288976628
34 NaN NaN 2.49967428654948
35 NaN NaN 2.56954515835313
